54 0.42076147
60 0.23625791
62 0.057287574
71 0.007445097
85 2.0754647
96 0.0005713701
98 0.56401944
120 0.24588704
214 0.015829802
221 0.043541312
252 0.12226832
255 0.07353878
273 0.2855587
279 0.18283534
283 0.24270475
284 0.037395716
294 0.16094875
327 0.020093203
354 0.3599367
355 0.13398767
387 0.08146453
407 0.0839169
415 0.072497964
427 0.21205497
435 0.14542937
527 0.55372643
533 0.09211445
557 0.69165754
559 0.024825454
567 0.05997336
574 0.12126255
617 0.02101469
632 0.26094723
651 0.0037252903
677 0.27792263
690 0.39080405
696 0.057214856
709 0.4484501
713 0.0048868656
729 0.16683555
730 0.47049212
737 0.45342422
743 0.18543029
745 0.2072165
756 0.028125286
781 1.3744092
818 0.7784257
831 0.29896426
833 0.06188202
842 0.28585553
861 0.029623628
892 0.07463813
906 0.17546904
946 0.042038083
955 0.012669325
958 0.2638489
966 0.013901234
981 0.02221024
996 0.23366928
